0.3775979400404635,0.3514805959168659,0.2709214640426706
0.36473755047106327,0.34791386271870794,0.2873485868102288
0.3106060606060606,0.36363636363636365,0.32575757575757575
0.32407407407407407,0.32407407407407407,0.35185185185185186
0.3389830508474576,0.3389830508474576,0.3220338983050847
0.38706654170571697,0.32052483598875353,0.2924086223055295
0.3687150837988827,0.27932960893854747,0.35195530726256985
0.34259857789269554,0.36134453781512604,0.2960568842921784
0.38107416879795397,0.2864450127877238,0.33248081841432225
0.14285714285714285,0.0,0.8571428571428571
0.3485032854709175,0.3375517157459236,0.3139449987831589
0.329004329004329,0.42857142857142855,0.24242424242424243
0.3347107438016529,0.3347107438016529,0.3305785123966942
0.38883179170948956,0.32442617334703666,0.2867420349434738
0.329789001495265,0.38561222794484135,0.2845987705598937
0.34615384615384615,0.3269230769230769,0.3269230769230769
0.3484393757503001,0.3619447779111645,0.28961584633853543
0.3448275862068966,0.3716475095785441,0.2835249042145594
0.4634146341463415,0.2975609756097561,0.23902439024390243
0.3740831295843521,0.3276283618581907,0.2982885085574572
0.26666666666666666,0.26666666666666666,0.4666666666666667
0.3629032258064516,0.3689516129032258,0.26814516129032256
0.16326530612244897,0.673469387755102,0.16326530612244897
0.43333333333333335,0.3,0.26666666666666666
0.34232820834640726,0.36774395983683716,0.2899278318167556
0.35704697986577183,0.20268456375838925,0.44026845637583895
0.3668518518518519,0.34685185185185186,0.28629629629629627
0.4320915224405984,0.286300968025814,0.28160750953358754
0.37566594672426207,0.3161987041036717,0.30813534917206625
0.20512820512820512,0.2564102564102564,0.5384615384615384
0.3537670555665414,0.3695867114890251,0.27664623294443347
0.3333333333333333,0.16666666666666666,0.5
0.30434782608695654,0.21739130434782608,0.4782608695652174
0.440884820747521,0.32341723874904654,0.23569794050343248
0.38333333333333336,0.3,0.31666666666666665
0.15,0.15,0.7
0.3350147120638924,0.35435056746532156,0.31063472047078605
0.3333333333333333,0.3333333333333333,0.3333333333333333
0.48746238716148443,0.30123704446673355,0.21130056837178202
0.36053412462908013,0.3475519287833828,0.2919139465875371
0.34176598803506003,0.37432175485785835,0.28391225710708157
0.33373542420587055,0.36831523924406917,0.29794933655006034
0.3150684931506849,0.17123287671232876,0.5136986301369864
0.3565656565656566,0.3878787878787879,0.25555555555555554
0.40662894098625707,0.33710590137429264,0.2562651576394503
0.15342465753424658,0.20182648401826483,0.6447488584474886
0.3592592592592593,0.3296296296296296,0.3111111111111111
0.3186372745490982,0.3667334669338677,0.31462925851703405
0,0,0
0.3830293417922284,0.38699444885011897,0.22997620935765264
0.325,0.5,0.175
0.4127588669364437,0.3249226374672697,0.2623184955962866
0.4025974025974026,0.18181818181818182,0.4155844155844156
0.45459209851205745,0.2998973832734736,0.24551051821446895
0.34613077384523094,0.3254349130173965,0.32843431313737254
0.42857142857142855,0.21428571428571427,0.35714285714285715
0.45955882352941174,0.33088235294117646,0.20955882352941177
0.36046511627906974,0.3372093023255814,0.3023255813953488
0.3805617698235148,0.30325627641063885,0.3161819537658464
0.32809115735945005,0.38007345324418496,0.291835389396365
0,0,0
0.44274809160305345,0.2824427480916031,0.2748091603053435
0.3333333333333333,0.3333333333333333,0.3333333333333333
0.38095238095238093,0.29931972789115646,0.3197278911564626
0.4341987466427932,0.41360787824529993,0.1521933751119069
0.25,0.34375,0.40625
0.3532219570405728,0.3723150357995227,0.2744630071599045
0.4444444444444444,0.3888888888888889,0.16666666666666666
0.3150684931506849,0.3972602739726027,0.2876712328767123
0.3326900544489627,0.44255289820111654,0.22475704734992075
0.14285714285714285,0.19047619047619047,0.6666666666666666
0.3969465648854962,0.2544529262086514,0.3486005089058524
0.3422818791946309,0.348993288590604,0.3087248322147651
0.3353658536585366,0.3475609756097561,0.3170731707317073
0.38814317673378074,0.3366890380313199,0.2751677852348993
0.3841633612457764,0.3458204789187601,0.2700161598354635
0.4317410597755155,0.2978334638475594,0.2704254763769251
0.3924050632911392,0.31953472459801574,0.28806021211084504
0,0,0
0.0,1.0,0.0
0.375,0.40625,0.21875
0.4254658385093168,0.2919254658385093,0.2826086956521739
0.4541460735859418,0.343218012081274,0.2026359143327842
0.34226190476190477,0.34226190476190477,0.31547619047619047
0.42857142857142855,0.42857142857142855,0.14285714285714285
0.3531021897810219,0.3239051094890511,0.32299270072992703
0.32335329341317365,0.40119760479041916,0.2754491017964072
0.38090128755364805,0.3605150214592275,0.25858369098712447
0.3557692307692308,0.25961538461538464,0.38461538461538464
0.38636363636363635,0.29545454545454547,0.3181818181818182
0.3435114503816794,0.37786259541984735,0.2786259541984733
0.391871921182266,0.3211822660098522,0.2869458128078818
0,0,0
0.15,0.15,0.7
0.15,0.15,0.7
0.3563218390804598,0.4367816091954023,0.20689655172413793
0.36440257808626675,0.27268220128904314,0.3629152206246901
0.3496133496133496,0.40822140822140823,0.24216524216524216
0,0,0
0.13043478260869565,0.17391304347826086,0.6956521739130435
0.3157894736842105,0.3684210526315789,0.3157894736842105
0.2892561983471074,0.45454545454545453,0.256198347107438
0.3367596671561429,0.3779980420949584,0.2852422907488987
0.3076923076923077,0.3076923076923077,0.38461538461538464
0.3945578231292517,0.2925170068027211,0.3129251700680272
0.4444444444444444,0.2777777777777778,0.2777777777777778
1.0,0.0,0.0
0.3333333333333333,0.3333333333333333,0.3333333333333333
0.3858267716535433,0.36220472440944884,0.25196850393700787
0.42631691192151844,0.31541906589891233,0.25826402217956923
0.40860215053763443,0.3225806451612903,0.26881720430107525
0.36395759717314485,0.3286219081272085,0.30742049469964666
0.37305389221556884,0.36167664670658684,0.2652694610778443
0.39690721649484534,0.3268041237113402,0.27628865979381445
0.38461538461538464,0.3076923076923077,0.3076923076923077
0.1646586345381526,0.7590361445783133,0.07630522088353414
0.2857142857142857,0.14285714285714285,0.5714285714285714
0.25420489296636084,0.49426605504587157,0.2515290519877676
0.39144736842105265,0.5888157894736842,0.019736842105263157
0.35565191514687755,0.36228372231433065,0.2820643625387918
1.0,0.0,0.0
0.3333333333333333,0.4166666666666667,0.25
0.3511018463371054,0.35318642048838594,0.29571173317450866
0.38878143133462284,0.3191489361702128,0.29206963249516443
0,0,0
0.2916666666666667,0.3333333333333333,0.375
0.5668711656441717,0.24723926380368097,0.18588957055214725
0.33253873659118,0.3289630512514899,0.33849821215733017
0.425531914893617,0.3191489361702128,0.2553191489361702
0.37130801687763715,0.3459915611814346,0.28270042194092826
0.355268022181146,0.37486136783733826,0.2698706099815157
0.4207195805460134,0.3433375519797505,0.23594286747423612
0.4148936170212766,0.2765957446808511,0.30851063829787234
0.36923076923076925,0.3076923076923077,0.3230769230769231
0.3365800865800866,0.3528138528138528,0.3106060606060606
0.3037037037037037,0.5111111111111111,0.18518518518518517
0.49038461538461536,0.27884615384615385,0.23076923076923078
0.4077961019490255,0.3073463268365817,0.2848575712143928
0.3157894736842105,0.3684210526315789,0.3157894736842105
0.1830065359477124,0.18518518518518517,0.6318082788671024
0.3962703962703963,0.3414918414918415,0.26223776223776224
0.34,0.33,0.33
0.15,0.15,0.7
0.44587035208950315,0.3181967752550181,0.23593287265547877
0.3783783783783784,0.2972972972972973,0.32432432432432434
0.3056,0.424,0.2704
0.3333333333333333,0.3333333333333333,0.3333333333333333
0.17647058823529413,0.17647058823529413,0.6470588235294118
0.2857142857142857,0.42857142857142855,0.2857142857142857
0.39558232931726905,0.3253012048192771,0.2791164658634538
0.3712121212121212,0.3181818181818182,0.3106060606060606
0.3333333333333333,0.3333333333333333,0.3333333333333333
0.37003311258278143,0.3331953642384106,0.29677152317880795
0.3626062322946176,0.3342776203966006,0.3031161473087819
0.2636986301369863,0.4897260273972603,0.2465753424657534
0.27450980392156865,0.4117647058823529,0.3137254901960784
0.30153846153846153,0.4,0.29846153846153844
0.38571428571428573,0.3380952380952381,0.2761904761904762
0.4186746987951807,0.3614457831325301,0.21987951807228914
0.2857142857142857,0.2,0.5142857142857142
0.04081632653061224,0.9387755102040817,0.02040816326530612
0.3327778866888845,0.34042344638306216,0.3267986669280533
0.35036496350364965,0.3357664233576642,0.31386861313868614
0.4,0.2,0.4
0.3125,0.5,0.1875
0.6666666666666666,0.2222222222222222,0.1111111111111111
0.3325242718446602,0.3470873786407767,0.32038834951456313
0.2777777777777778,0.4444444444444444,0.2777777777777778
0.3333333333333333,0.4,0.26666666666666666
0.5,0.5,0.0
0.38470005503577326,0.32691249312052834,0.2883874518436984
0.3770432255721032,0.3287322920450418,0.2942244823828551
0,0,0
0.3394763456568154,0.36060231486683897,0.29992133947634564
0.38461538461538464,0.23076923076923078,0.38461538461538464
0.34375,0.5,0.15625
0.4850378165077277,0.32620848405129893,0.18875369944097337
0.34375,0.34375,0.3125
0.0,0.03225806451612903,0.967741935483871
0.0,0.6666666666666666,0.3333333333333333
0.3237410071942446,0.3597122302158273,0.31654676258992803
0.296875,0.28125,0.421875
0.3514555619818778,0.34162328899171,0.3069211490264122
0.3986562150055991,0.322508398656215,0.2788353863381859
0.3559322033898305,0.3559322033898305,0.288135593220339
0.3566851772746689,0.32763776164032465,0.3156770610850064
0.38461538461538464,0.3076923076923077,0.3076923076923077
1.0,0.0,0.0
0.2222222222222222,0.2222222222222222,0.5555555555555556
0.39285714285714285,0.39285714285714285,0.21428571428571427
0.3541284403669725,0.3559633027522936,0.28990825688073396
0.9523809523809523,0.047619047619047616,0.0
0.15,0.15,0.7
0.3258064516129032,0.3967741935483871,0.27741935483870966
0.3855421686746988,0.3413654618473896,0.27309236947791166
0.22996515679442509,0.21254355400696864,0.5574912891986062
0.5,0.25,0.25
0.15,0.15,0.7
0,0,0
0.17647058823529413,0.17647058823529413,0.6470588235294118
0.2,0.2,0.6
0.15,0.15,0.7
0.39536807278742764,0.3399503722084367,0.26468155500413565
0.3373287671232877,0.3527397260273973,0.3099315068493151
0.4,0.4,0.2
0.0,0.3333333333333333,0.6666666666666666
0.2,0.6,0.2
0.36894246836953926,0.31785629028407736,0.3132012413463834
0.22641509433962265,0.5471698113207547,0.22641509433962265
0.4928571428571429,0.30454545454545456,0.2025974025974026
0.42138364779874216,0.30943396226415093,0.2691823899371069
0.4722222222222222,0.4444444444444444,0.08333333333333333
0.34,0.32,0.34
0.36716417910447763,0.3587357330992098,0.27410008779631256
0.3333333333333333,0.3333333333333333,0.3333333333333333
0.5,0.25,0.25
0.2,0.2,0.6
0.40425531914893614,0.3191489361702128,0.2765957446808511
0.3333333333333333,0.3333333333333333,0.3333333333333333
0.42857142857142855,0.14285714285714285,0.42857142857142855
0.35947712418300654,0.39215686274509803,0.24836601307189543
0.31722054380664655,0.35347432024169184,0.3293051359516616
0.3359375,0.3203125,0.34375
0.3486005089058524,0.3816793893129771,0.2697201017811705
0.3798076923076923,0.34134615384615385,0.27884615384615385
0.4293133294864397,0.2888055395268321,0.28188113098672823
0.13333333333333333,0.13333333333333333,0.7333333333333333
0.336734693877551,0.32653061224489793,0.336734693877551
0.3595505617977528,0.3146067415730337,0.3258426966292135
0.35714285714285715,0.14285714285714285,0.5
0.3684210526315789,0.2631578947368421,0.3684210526315789
0.3805970149253731,0.33955223880597013,0.2798507462686567
0.3020833333333333,0.3958333333333333,0.3020833333333333
0.36535859269282817,0.3572395128552097,0.2774018944519621
0.38181818181818183,0.4909090909090909,0.12727272727272726
0.18181818181818182,0.18181818181818182,0.6363636363636364
0.3333333333333333,0.3333333333333333,0.3333333333333333
0.3198767334360555,0.37719568567026196,0.3029275808936826
0.37300177619893427,0.33037300177619894,0.2966252220248668
0.40131578947368424,0.32894736842105265,0.26973684210526316
0.39622641509433965,0.3613933236574746,0.24238026124818576
0,0,0
0.15,0.15,0.7
0.33591160220994476,0.34033149171270716,0.3237569060773481
0.1853932584269663,0.1853932584269663,0.6292134831460674
0.3223684210526316,0.48355263157894735,0.19407894736842105
0.5714285714285714,0.14285714285714285,0.2857142857142857
0.3333333333333333,0.3763440860215054,0.2903225806451613
0.0,1.0,0.0
0.3249097472924188,0.36101083032490977,0.3140794223826715
0.3474025974025974,0.33766233766233766,0.31493506493506496
0.4125,0.371875,0.215625
0.4750673854447439,0.27313566936208444,0.2517969451931716
0.8931297709923665,0.019083969465648856,0.08778625954198473
0.7815126050420168,0.16806722689075632,0.05042016806722689
0.35251798561151076,0.35251798561151076,0.2949640287769784
0.39076923076923076,0.3323076923076923,0.27692307692307694
0.42105263157894735,0.30526315789473685,0.2736842105263158
0.3333333333333333,0.2916666666666667,0.375
0.43636363636363634,0.41818181818181815,0.14545454545454545
0.3475177304964539,0.32860520094562645,0.32387706855791965
0.3409090909090909,0.4318181818181818,0.22727272727272727
0.41509433962264153,0.33962264150943394,0.24528301886792453
0.43243243243243246,0.305019305019305,0.2625482625482625
0.33345208407552546,0.37228357677235485,0.2942643391521197
0.3723404255319149,0.32978723404255317,0.2978723404255319
0.37606447688564476,0.32816301703163014,0.29577250608272504
0.329608938547486,0.4581005586592179,0.2122905027932961
0.3258746948738812,0.3527257933279089,0.3213995117982099
0.3812849162011173,0.3128491620111732,0.3058659217877095
0.3238434163701068,0.3487544483985765,0.3274021352313167
0.3392330383480826,0.4215339233038348,0.2392330383480826
1.0,0.0,0.0
0.4110169491525424,0.288135593220339,0.3008474576271186
0.35911602209944754,0.3712707182320442,0.2696132596685083
0,0,0
0.3094890510948905,0.2905109489051095,0.4
0.1,0.1,0.8
0.4012345679012346,0.29012345679012347,0.30864197530864196
0.3270440251572327,0.37735849056603776,0.29559748427672955
0.3076923076923077,0.3076923076923077,0.38461538461538464
0.2894736842105263,0.4473684210526316,0.2631578947368421
0.3969465648854962,0.3053435114503817,0.29770992366412213
0.3333333333333333,0.3333333333333333,0.3333333333333333
0.3459915611814346,0.35864978902953587,0.29535864978902954
0.45,0.2875,0.2625
0.0,1.0,0.0
0.3087719298245614,0.3087719298245614,0.3824561403508772
0.3488372093023256,0.3953488372093023,0.2558139534883721
0.34568616097278515,0.3259988419224088,0.328314997104806
0.34523809523809523,0.30952380952380953,0.34523809523809523
0.4,0.3,0.3
0.3448275862068966,0.3448275862068966,0.3103448275862069
0.5048543689320388,0.2621359223300971,0.23300970873786409
0.2222222222222222,0.32098765432098764,0.4567901234567901
0,0,0
0.2,0.2,0.6
0.5612244897959183,0.20408163265306123,0.23469387755102042
0.37142857142857144,0.45714285714285713,0.17142857142857143
0.34782608695652173,0.3532608695652174,0.29891304347826086
0.3854014598540146,0.3007299270072993,0.31386861313868614
0.30708661417322836,0.4015748031496063,0.29133858267716534
0.3333333333333333,0.3333333333333333,0.3333333333333333
0.2564102564102564,0.20512820512820512,0.5384615384615384
0.37209302325581395,0.4069767441860465,0.22093023255813954
0,0,0
0.3401360544217687,0.40816326530612246,0.25170068027210885
0.35319148936170214,0.3382978723404255,0.30851063829787234
0.42783505154639173,0.28865979381443296,0.28350515463917525
0.39823829392675014,0.3375057950857673,0.26425591098748263
0.391025641025641,0.3717948717948718,0.23717948717948717
0.3333333333333333,0.6111111111111112,0.05555555555555555
0.3684210526315789,0.35526315789473684,0.27631578947368424
0.3630769230769231,0.3323076923076923,0.3046153846153846
0.4,0.3333333333333333,0.26666666666666666
0.2786885245901639,0.29508196721311475,0.4262295081967213
0.36585365853658536,0.21951219512195122,0.4146341463414634
0.3790849673202614,0.3289760348583878,0.29193899782135074
0.42857142857142855,0.32142857142857145,0.25
0.36099585062240663,0.3921161825726141,0.24688796680497926
0.3521628498727735,0.3323155216284987,0.3155216284987277
0.3673469387755102,0.41836734693877553,0.21428571428571427
0.08333333333333333,0.8333333333333334,0.08333333333333333
0.4271075919888216,0.3032137866790871,0.2696786213320913
0.42424242424242425,0.3333333333333333,0.24242424242424243
0.3448275862068966,0.3620689655172414,0.29310344827586204
0.3352272727272727,0.32954545454545453,0.3352272727272727
0.38095238095238093,0.30952380952380953,0.30952380952380953
0.2857142857142857,0.21428571428571427,0.5
0.25,0.4166666666666667,0.3333333333333333
0.3747178329571106,0.33182844243792325,0.29345372460496616
0.4666666666666667,0.26666666666666666,0.26666666666666666
0.25,0.5,0.25
0.38972809667673713,0.35347432024169184,0.256797583081571
0.4,0.26666666666666666,0.3333333333333333
0.3511450381679389,0.3511450381679389,0.29770992366412213
0.40625,0.296875,0.296875
0.3583662714097497,0.391304347826087,0.2503293807641634
1.0,0.0,0.0
0.32167832167832167,0.3356643356643357,0.34265734265734266
0.37945066124109866,0.31943031536113936,0.301119023397762
0.4080560420315236,0.3356684179801518,0.2562755399883246
0.3235294117647059,0.4852941176470588,0.19117647058823528
0.44285714285714284,0.24285714285714285,0.3142857142857143
0.33647798742138363,0.3805031446540881,0.2830188679245283
0.37221269296740994,0.32075471698113206,0.307032590051458
0.34805890227576974,0.36010709504685406,0.2918340026773762
0.34065934065934067,0.3516483516483517,0.3076923076923077
0.25,0.5,0.25
0.047619047619047616,0.047619047619047616,0.9047619047619048
0.38461538461538464,0.3076923076923077,0.3076923076923077
0.3974151857835218,0.2738287560581583,0.3287560581583199
0.34782608695652173,0.3310450038138825,0.32112890922959575
0.44658493870402804,0.3070636310566258,0.24635143023934616
0.3373493975903614,0.3373493975903614,0.3253012048192771
0.39622641509433965,0.2641509433962264,0.33962264150943394
0.3375,0.34375,0.31875
0.3157894736842105,0.18421052631578946,0.5
0.5,0.25,0.25
0.3333333333333333,0.3333333333333333,0.3333333333333333
0.25806451612903225,0.16129032258064516,0.5806451612903226
0.3348252249026541,0.333169225260708,0.3320055498366379
0.38461538461538464,0.3076923076923077,0.3076923076923077
0.4090909090909091,0.36363636363636365,0.22727272727272727
0.3288590604026846,0.5570469798657718,0.11409395973154363
0.25,0.5,0.25
0.3333333333333333,0.37254901960784315,0.29411764705882354
0.5484247374562428,0.22520420070011668,0.22637106184364061
0.34,0.34,0.32
0.3978494623655914,0.34408602150537637,0.25806451612903225
0.4472573839662447,0.3206751054852321,0.2320675105485232
0.3333333333333333,0.3333333333333333,0.3333333333333333
0.375,0.325,0.3
0.5,0.5,0.0
0.3076923076923077,0.23076923076923078,0.46153846153846156
0.4883720930232558,0.3023255813953488,0.20930232558139536
0.35504070131496557,0.34815278647463993,0.2968065122103945
0.4343329886246122,0.28335056876938985,0.2823164426059979
0.36129032258064514,0.3032258064516129,0.33548387096774196
0.35,0.34444444444444444,0.3055555555555556
0.2857142857142857,0.3333333333333333,0.38095238095238093
0.32926829268292684,0.32926829268292684,0.34146341463414637
0.3886868686868687,0.3054545454545455,0.3058585858585859
0.3741258741258741,0.3321678321678322,0.2937062937062937
0.5,0.25,0.25
0.1,0.3,0.6
0.3333333333333333,0.32051282051282054,0.34615384615384615
1.0,0.0,0.0
0.3479648842777334,0.39584996009577017,0.2561851556264964
0.36,0.32,0.32
0.5106382978723404,0.3829787234042553,0.10638297872340426
0.3611111111111111,0.3194444444444444,0.3194444444444444
0.3425802139037433,0.3572860962566845,0.30013368983957217
0.3321917808219178,0.3458904109589041,0.3219178082191781
0.38095238095238093,0.32234432234432236,0.2967032967032967
0.42207053469852107,0.30489192263936293,0.27303754266211605
0.34813084112149534,0.3691588785046729,0.2827102803738318
0.25,0.5,0.25
0.39473684210526316,0.3684210526315789,0.23684210526315788
0.40594059405940597,0.2956152758132956,0.2984441301272984
0.24,0.37333333333333335,0.38666666666666666
0.35514018691588783,0.3115264797507788,0.3333333333333333
0.3333333333333333,0.3333333333333333,0.3333333333333333
0.3820943245403677,0.5155875299760192,0.10231814548361311
0.32203856749311294,0.38953168044077136,0.2884297520661157
0.3333333333333333,0.3333333333333333,0.3333333333333333
0.18181818181818182,0.18181818181818182,0.6363636363636364
0.3679207920792079,0.3398019801980198,0.29227722772277226
0.3333333333333333,0.3333333333333333,0.3333333333333333
0.352112676056338,0.323943661971831,0.323943661971831
0.2727272727272727,0.2727272727272727,0.45454545454545453
0.0,1.0,0.0
0.43478260869565216,0.2753623188405797,0.2898550724637681
0.4755877034358047,0.26582278481012656,0.2585895117540687
0.42857142857142855,0.21428571428571427,0.35714285714285715
0.38461538461538464,0.3076923076923077,0.3076923076923077
0.3333333333333333,0.3333333333333333,0.3333333333333333
0.45454545454545453,0.18181818181818182,0.36363636363636365
0.3535931355023239,0.3518055058991777,0.2946013585984984
0.4268292682926829,0.3048780487804878,0.2682926829268293
0.31746031746031744,0.3492063492063492,0.3333333333333333
0.3552397868561279,0.39431616341030196,0.25044404973357015
0.15,0.15,0.7
0.41818181818181815,0.28484848484848485,0.296969696969697
0.2727272727272727,0.2727272727272727,0.45454545454545453
0.42900302114803623,0.3041289023162135,0.26686807653575023
0.37474541751527496,0.335030549898167,0.29022403258655805
0.45454545454545453,0.45454545454545453,0.09090909090909091
0.0,0.0,1.0
0.38461538461538464,0.29973474801061006,0.3156498673740053
0.3333333333333333,0.4166666666666667,0.25
0.3333333333333333,0.3333333333333333,0.3333333333333333
0.2727272727272727,0.45454545454545453,0.2727272727272727
0.2857142857142857,0.2857142857142857,0.42857142857142855
0.0,0.0,1.0
0.5135135135135135,0.24324324324324326,0.24324324324324326
0.3333333333333333,0.3333333333333333,0.3333333333333333
0.39928057553956836,0.3057553956834532,0.2949640287769784
0.23214285714285715,0.16071428571428573,0.6071428571428571
0.3991097922848665,0.32270029673590506,0.27818991097922846
0.34615384615384615,0.3269230769230769,0.3269230769230769
0.3,0.3,0.4
0.36853002070393376,0.33126293995859213,0.3002070393374741
0.3142857142857143,0.2857142857142857,0.4
0.3226381461675579,0.37433155080213903,0.30303030303030304
0.07692307692307693,0.9230769230769231,0.0
0.3841743119266055,0.3302752293577982,0.2855504587155963
0.375,0.3125,0.3125
0.3333333333333333,0.33763440860215055,0.32903225806451614
0.2827868852459016,0.430327868852459,0.28688524590163933
0.47729789590254706,0.3078626799557032,0.21483942414174972
0.379746835443038,0.3670886075949367,0.25316455696202533
0.3516949152542373,0.3601694915254237,0.288135593220339
0.15,0.15,0.7
0.3684210526315789,0.3746130030959752,0.25696594427244585
0.37410071942446044,0.3345323741007194,0.29136690647482016
0.5,0.25,0.25
0.3473684210526316,0.3263157894736842,0.3263157894736842
0.31830477908025245,0.38052299368800724,0.3011722272317403
0.2,0.2,0.6
0.3142857142857143,0.3142857142857143,0.37142857142857144
0.33434343434343433,0.3333333333333333,0.3323232323232323
0.25,0.25,0.5
0.32367149758454106,0.3864734299516908,0.2898550724637681
0.33962264150943394,0.660377358490566,0.0
0.45700308959835223,0.2752317198764161,0.26776519052523173
0.36474908200734396,0.33414932680538556,0.3011015911872705
0.3343558282208589,0.35276073619631904,0.3128834355828221
0.4166666666666667,0.25,0.3333333333333333
0.3333333333333333,0.6,0.06666666666666667
0.0,0.0,1.0
0.4088050314465409,0.3522012578616352,0.2389937106918239
1.0,0.0,0.0
0.3458646616541353,0.3533834586466165,0.3007518796992481
0.3548387096774194,0.46774193548387094,0.1774193548387097
0.4074074074074074,0.2962962962962963,0.2962962962962963
0.32793522267206476,0.3724696356275304,0.29959514170040485
0.3225806451612903,0.3225806451612903,0.3548387096774194
0.33411606843341163,0.3351224421335122,0.33076148943307615
0.0,0.0,1.0
0.3761755485893417,0.3448275862068966,0.27899686520376177
0.36363636363636365,0.3181818181818182,0.3181818181818182
0.44642857142857145,0.26785714285714285,0.2857142857142857
0.0,0.0,1.0
0.36585365853658536,0.3170731707317073,0.3170731707317073
0.3435114503816794,0.3282442748091603,0.3282442748091603
0.8950276243093923,0.08287292817679558,0.022099447513812154
0.4019607843137255,0.3627450980392157,0.23529411764705882
0.425,0.3,0.275
0.3711983887210473,0.34219536757301106,0.28660624370594157
0.33793103448275863,0.3448275862068966,0.31724137931034485
0.26804123711340205,0.27835051546391754,0.4536082474226804
0.2777777777777778,0.25,0.4722222222222222
0.3733407079646018,0.34236725663716816,0.2842920353982301
0.35555555555555557,0.28888888888888886,0.35555555555555557
0.34328358208955223,0.2537313432835821,0.40298507462686567
0.3321956769055745,0.4197952218430034,0.24800910125142206
0.2727272727272727,0.18181818181818182,0.5454545454545454
0.3125,0.39453125,0.29296875
0.2672811059907834,0.2488479262672811,0.4838709677419355
0.375,0.3125,0.3125
0.34444444444444444,0.16666666666666666,0.4888888888888889
0.36180904522613067,0.33668341708542715,0.3015075376884422
0.3311837862736066,0.3491478581298941,0.3196683555964993
0.3881856540084388,0.3459915611814346,0.26582278481012656
0.2857142857142857,0.2857142857142857,0.42857142857142855
0.45,0.4583333333333333,0.09166666666666666
0.3987096774193548,0.31290322580645163,0.28838709677419355
0.3076923076923077,0.4230769230769231,0.2692307692307692
0.7,0.0,0.3
0.3684210526315789,0.3333333333333333,0.2982456140350877
0.32695984703632885,0.35372848948374763,0.3193116634799235
0.4148936170212766,0.32978723404255317,0.2553191489361702
0.5217391304347826,0.21739130434782608,0.2608695652173913
0.3111111111111111,0.24444444444444444,0.4444444444444444
0.25,0.5344827586206896,0.21551724137931033
0.3333333333333333,0.3333333333333333,0.3333333333333333
0.34552102376599636,0.33455210237659966,0.31992687385740404
0.38461538461538464,0.3076923076923077,0.3076923076923077
0.3,0.1,0.6
0.15,0.15,0.7
0.4,0.3106060606060606,0.28939393939393937
0.40816326530612246,0.2857142857142857,0.30612244897959184
0.41379310344827586,0.28735632183908044,0.2988505747126437
0,0,0
0.41379310344827586,0.27586206896551724,0.3103448275862069
0.4634146341463415,0.2764227642276423,0.2601626016260163
0.3093415007656968,0.4333843797856049,0.2572741194486983
0.4523809523809524,0.2857142857142857,0.2619047619047619
0.3436254980079681,0.37649402390438247,0.2798804780876494
0.3598233995584989,0.3502575423105224,0.2899190581309787
0.43564356435643564,0.24752475247524752,0.31683168316831684
0.37373737373737376,0.3265993265993266,0.2996632996632997
0.2916666666666667,0.125,0.5833333333333334
0.3333333333333333,0.16666666666666666,0.5
0.40298507462686567,0.29850746268656714,0.29850746268656714
0.375,0.1875,0.4375
0.30446927374301674,0.3889664804469274,0.30656424581005587
0.4666666666666667,0.26666666666666666,0.26666666666666666
0.3691275167785235,0.3422818791946309,0.28859060402684567
0.1111111111111111,0.05555555555555555,0.8333333333333334
0.3617021276595745,0.3404255319148936,0.2978723404255319
0.5085227272727273,0.265625,0.22585227272727273
0.3484848484848485,0.3383838383838384,0.31313131313131315
0.3177570093457944,0.3925233644859813,0.2897196261682243
0.29069767441860467,0.4069767441860465,0.3023255813953488
0.42857142857142855,0.2857142857142857,0.2857142857142857
0.3605263157894737,0.43157894736842106,0.20789473684210527
0.3333333333333333,0.3333333333333333,0.3333333333333333
0.42857142857142855,0.2857142857142857,0.2857142857142857
0.2857142857142857,0.2857142857142857,0.42857142857142855
0.39285714285714285,0.25,0.35714285714285715
0.3448275862068966,0.3103448275862069,0.3448275862068966
0.2549019607843137,0.2549019607843137,0.49019607843137253
0.16666666666666666,0.6666666666666666,0.16666666666666666
0,0,0
0.34375,0.34375,0.3125
0.31527093596059114,0.33497536945812806,0.3497536945812808
0.0,1.0,0.0
0.28444444444444444,0.36444444444444446,0.3511111111111111
0.41379310344827586,0.3103448275862069,0.27586206896551724
0.3958333333333333,0.3125,0.2916666666666667
0.35106382978723405,0.32978723404255317,0.3191489361702128
0.4358974358974359,0.2564102564102564,0.3076923076923077
0.3783783783783784,0.3310810810810811,0.2905405405405405
0.3808411214953271,0.32009345794392524,0.29906542056074764
0.4166666666666667,0.4722222222222222,0.1111111111111111
0.30708661417322836,0.25984251968503935,0.4330708661417323
0.37254901960784315,0.35294117647058826,0.27450980392156865
0.17647058823529413,0.5294117647058824,0.29411764705882354
0.4,0.2857142857142857,0.3142857142857143
0.2571428571428571,0.2571428571428571,0.4857142857142857
0.45454545454545453,0.24242424242424243,0.30303030303030304
0.2978723404255319,0.44680851063829785,0.2553191489361702
0.38857142857142857,0.3142857142857143,0.29714285714285715
0.39325842696629215,0.3039950062421973,0.30274656679151063
0.28888888888888886,0.4222222222222222,0.28888888888888886
0.39634146341463417,0.4024390243902439,0.20121951219512196
0.3333333333333333,0.3836477987421384,0.2830188679245283
0.0,1.0,0.0
0.30893300248138955,0.38213399503722084,0.30893300248138955
0.3333333333333333,0.23809523809523808,0.42857142857142855
0.3,0.4,0.3
0.4186046511627907,0.2558139534883721,0.32558139534883723
0.3698630136986301,0.3561643835616438,0.273972602739726
0.3805309734513274,0.35398230088495575,0.26548672566371684
0.3333333333333333,0.3333333333333333,0.3333333333333333
0.325,0.325,0.35
0.3333333333333333,0.25,0.4166666666666667
0.2911392405063291,0.4177215189873418,0.2911392405063291
0.35365853658536583,0.31097560975609756,0.3353658536585366
0.48148148148148145,0.2962962962962963,0.2222222222222222
0.4892086330935252,0.28776978417266186,0.22302158273381295
0.5555555555555556,0.2222222222222222,0.2222222222222222
0.2857142857142857,0.14285714285714285,0.5714285714285714
0,0,0
0.3013698630136986,0.3972602739726027,0.3013698630136986
0.32894736842105265,0.3980263157894737,0.2730263157894737
0.44776119402985076,0.33955223880597013,0.2126865671641791
0.3443708609271523,0.3443708609271523,0.31125827814569534
0,0,0
0.3712374581939799,0.3166109253065775,0.31215161649944256
0.4666666666666667,0.26666666666666666,0.26666666666666666
0.4642857142857143,0.2857142857142857,0.25
0.275,0.45,0.275
0.3333333333333333,0.35714285714285715,0.30952380952380953
0.42857142857142855,0.2987012987012987,0.2727272727272727
0.46846846846846846,0.46846846846846846,0.06306306306306306
0.352059925093633,0.3445692883895131,0.30337078651685395
0.2943722943722944,0.44155844155844154,0.26406926406926406
0.38650306748466257,0.3312883435582822,0.2822085889570552
0.37286432160804023,0.33467336683417087,0.29246231155778896
0.3333333333333333,0.3333333333333333,0.3333333333333333
0.37786259541984735,0.3282442748091603,0.29389312977099236
0.3430232558139535,0.32751937984496127,0.32945736434108525
0.4117647058823529,0.29411764705882354,0.29411764705882354
0.2727272727272727,0.18181818181818182,0.5454545454545454
0.36363636363636365,0.34545454545454546,0.2909090909090909
0.3294460641399417,0.35374149659863946,0.31681243926141883
0.5,0.29411764705882354,0.20588235294117646
0.4166666666666667,0.3333333333333333,0.25
0.4107142857142857,0.21428571428571427,0.375
0.4350282485875706,0.3163841807909605,0.24858757062146894
0.16666666666666666,0.8333333333333334,0.0
0.15,0.15,0.7
0.34710743801652894,0.33884297520661155,0.3140495867768595
0.3636032757051865,0.3805277525022748,0.25586897179253865
0.43315508021390375,0.3155080213903743,0.25133689839572193
0.37037037037037035,0.2962962962962963,0.3333333333333333
0.47619047619047616,0.47619047619047616,0.047619047619047616
0.35415641908509593,0.36546974913920316,0.2803738317757009
0.44642857142857145,0.35714285714285715,0.19642857142857142
0.37142857142857144,0.3142857142857143,0.3142857142857143
0.36666666666666664,0.4666666666666667,0.16666666666666666
0.35714285714285715,0.2857142857142857,0.35714285714285715
0.17391304347826086,0.30434782608695654,0.5217391304347826
0.3372093023255814,0.39147286821705424,0.2713178294573643
0.3333333333333333,0.16666666666666666,0.5
0.24242424242424243,0.5151515151515151,0.24242424242424243
0.3333333333333333,0.3333333333333333,0.3333333333333333
0.4146341463414634,0.2926829268292683,0.2926829268292683
0.30666666666666664,0.3333333333333333,0.36
0.0,0.0,1.0
0.15,0.15,0.7
0.25,0.25,0.5
0.3391304347826087,0.3130434782608696,0.34782608695652173
0.0,1.0,0.0
0.28125,0.46875,0.25
0.34153005464480873,0.2923497267759563,0.366120218579235
0.3103448275862069,0.3448275862068966,0.3448275862068966
0.40476190476190477,0.2857142857142857,0.30952380952380953
0.5142857142857142,0.2571428571428571,0.22857142857142856
0.3,0.4166666666666667,0.2833333333333333
0.5106732348111659,0.2545155993431856,0.2348111658456486
0.39869281045751637,0.29920116194626,0.3021060275962237
0.3188405797101449,0.3188405797101449,0.36231884057971014
0.3333333333333333,0.2,0.4666666666666667
0.42857142857142855,0.2857142857142857,0.2857142857142857
0.4473684210526316,0.4473684210526316,0.10526315789473684
0.3333333333333333,0.16666666666666666,0.5
0,0,0
0.2,0.26666666666666666,0.5333333333333333
0.3333333333333333,0.3333333333333333,0.3333333333333333
0.3627450980392157,0.39215686274509803,0.24509803921568626
0.3333333333333333,0.3333333333333333,0.3333333333333333
0.3918918918918919,0.33783783783783783,0.2702702702702703
0.4745762711864407,0.288135593220339,0.23728813559322035
0.35382685069008785,0.370138017565872,0.27603513174404015
0.32967032967032966,0.3791208791208791,0.29120879120879123
0.28292682926829266,0.424390243902439,0.2926829268292683
0.3,0.3,0.4
0.23076923076923078,0.23076923076923078,0.5384615384615384
0.3939393939393939,0.2727272727272727,0.3333333333333333
0.4935064935064935,0.24675324675324675,0.2597402597402597
0.3958333333333333,0.36666666666666664,0.2375
0.33962264150943394,0.330188679245283,0.330188679245283
0.21052631578947367,0.17894736842105263,0.6105263157894737
0.2857142857142857,0.2857142857142857,0.42857142857142855
0.3235294117647059,0.29411764705882354,0.38235294117647056
0.3076923076923077,0.23076923076923078,0.46153846153846156
0.34306569343065696,0.36496350364963503,0.291970802919708
0.42424242424242425,0.30303030303030304,0.2727272727272727
0.4444444444444444,0.4444444444444444,0.1111111111111111
0.33203125,0.40625,0.26171875
0.3770491803278688,0.4016393442622951,0.22131147540983606
0.3465346534653465,0.43564356435643564,0.21782178217821782
0,0,0
0.4098360655737705,0.32786885245901637,0.26229508196721313
0.2222222222222222,0.3333333333333333,0.4444444444444444
0.30969101123595505,0.36446629213483145,0.3258426966292135
0.39751552795031053,0.32919254658385094,0.2732919254658385
0.078125,0.078125,0.84375
0.15,0.2,0.65
0.3577981651376147,0.3394495412844037,0.30275229357798167
0.5,0.2777777777777778,0.2222222222222222
0.37037037037037035,0.32855436081242534,0.3010752688172043
0.3058103975535168,0.39755351681957185,0.2966360856269113
0.38990825688073394,0.4036697247706422,0.20642201834862386
0.3404255319148936,0.3829787234042553,0.2765957446808511
0.32,0.24,0.44
0.2727272727272727,0.2727272727272727,0.45454545454545453
0.5,0.26666666666666666,0.23333333333333334
0.38922155688622756,0.4411177644710579,0.16966067864271456
0.43333333333333335,0.4,0.16666666666666666
0.4257957305381567,0.43065320209638247,0.14355106736546083
0.6666666666666666,0.0,0.3333333333333333
0,0,0
0.4878048780487805,0.43902439024390244,0.07317073170731707
0.2222222222222222,0.6666666666666666,0.1111111111111111
0.5493421052631579,0.23684210526315788,0.2138157894736842
0.3167495854063018,0.43283582089552236,0.2504145936981758
0.5165876777251185,0.2938388625592417,0.1895734597156398
0.3917525773195876,0.3711340206185567,0.23711340206185566
0.16666666666666666,0.1527777777777778,0.6805555555555556
0.45454545454545453,0.2727272727272727,0.2727272727272727
0.3684210526315789,0.3383458646616541,0.2932330827067669
0.0,0.0,1.0
0.4791666666666667,0.2916666666666667,0.22916666666666666
0.375,0.25,0.375
0.3148148148148148,0.3333333333333333,0.35185185185185186
0.32075471698113206,0.4528301886792453,0.22641509433962265
0.35645472061657035,0.3603082851637765,0.2832369942196532
0.3157894736842105,0.34210526315789475,0.34210526315789475
0.3858093126385809,0.3333333333333333,0.28085735402808576
0.3333333333333333,0.16666666666666666,0.5
0.3333333333333333,0.3333333333333333,0.3333333333333333
0.38405797101449274,0.5,0.11594202898550725
0.37305699481865284,0.32124352331606215,0.30569948186528495
0.28703703703703703,0.46296296296296297,0.25
0.4444444444444444,0.3333333333333333,0.2222222222222222
0.25806451612903225,0.5806451612903226,0.16129032258064516
0.375,0.25,0.375
0.0,0.16666666666666666,0.8333333333333334
0.3382352941176471,0.35714285714285715,0.30462184873949577
0.3707865168539326,0.34831460674157305,0.2808988764044944
0.3546666666666667,0.33866666666666667,0.30666666666666664
0.3170731707317073,0.34146341463414637,0.34146341463414637
0.4098360655737705,0.29508196721311475,0.29508196721311475
0.42857142857142855,0.21428571428571427,0.35714285714285715
0.26,0.24,0.5
0.0,0.0,1.0
0.25,0.5,0.25
0.3524390243902439,0.3280487804878049,0.3195121951219512
0.2857142857142857,0.42857142857142855,0.2857142857142857
0.3840304182509506,0.30988593155893535,0.3060836501901141
0.42735042735042733,0.23931623931623933,0.3333333333333333
0.47058823529411764,0.23529411764705882,0.29411764705882354
0,0,0
0.381042654028436,0.2672985781990521,0.35165876777251187
0.40337423312883436,0.2960122699386503,0.3006134969325153
0.3333333333333333,0.3111111111111111,0.35555555555555557
0.3333333333333333,0.2777777777777778,0.3888888888888889
0.3181818181818182,0.36363636363636365,0.3181818181818182
0.3333333333333333,0.16666666666666666,0.5
0.5,0.25,0.25
0.23076923076923078,0.15384615384615385,0.6153846153846154
0.3765432098765432,0.27283950617283953,0.3506172839506173
0.2692307692307692,0.23076923076923078,0.5
0.375,0.125,0.5
0.3339285714285714,0.36339285714285713,0.3026785714285714
0.514018691588785,0.21495327102803738,0.27102803738317754
0.3225806451612903,0.3548387096774194,0.3225806451612903
0.32,0.4,0.28
0.3076923076923077,0.38461538461538464,0.3076923076923077
0.3333333333333333,0.24358974358974358,0.4230769230769231
0.3273542600896861,0.3632286995515695,0.3094170403587444
0.6923076923076923,0.15384615384615385,0.15384615384615385
0.043478260869565216,0.043478260869565216,0.9130434782608695
0.3333333333333333,0.3333333333333333,0.3333333333333333
0.32727272727272727,0.34545454545454546,0.32727272727272727
0.34,0.365,0.295
0.39285714285714285,0.2857142857142857,0.32142857142857145
0.3509933774834437,0.3079470198675497,0.34105960264900664
0.4,0.31666666666666665,0.2833333333333333
0.20833333333333334,0.16666666666666666,0.625
1.0,0.0,0.0
0.39473684210526316,0.2631578947368421,0.34210526315789475
0.3333333333333333,0.3333333333333333,0.3333333333333333
0.09090909090909091,0.0,0.9090909090909091
0.296875,0.421875,0.28125
0.3333333333333333,0.3333333333333333,0.3333333333333333
0.2727272727272727,0.2727272727272727,0.45454545454545453
0.47058823529411764,0.2823529411764706,0.24705882352941178
0.35294117647058826,0.11764705882352941,0.5294117647058824
0.3506224066390041,0.31950207468879666,0.32987551867219916
0.3727454909819639,0.3366733466933868,0.2905811623246493
0.3181818181818182,0.36363636363636365,0.3181818181818182
0.4063745019920319,0.30278884462151395,0.2908366533864542
0.15,0.15,0.7
0.3333333333333333,0.3333333333333333,0.3333333333333333
0.15,0.15,0.7
0.32507739938080493,0.34055727554179566,0.33436532507739936
0.3137254901960784,0.19607843137254902,0.49019607843137253
0.4519774011299435,0.3220338983050847,0.22598870056497175
0.4444444444444444,0.2777777777777778,0.2777777777777778
0.33265097236438074,0.36131013306038895,0.3060388945752303
0.44863336475023563,0.293119698397738,0.2582469368520264
0.42857142857142855,0.2857142857142857,0.2857142857142857
0.36363636363636365,0.32,0.31636363636363635
0.2981651376146789,0.40978593272171254,0.29204892966360857
