1847123567,0.37759794,0.351480596,0.270921464
1657916762,0.36473755,0.347913863,0.287348587
1975650700,0.310606061,0.363636364,0.325757576
6448901169,0.324074074,0.324074074,0.351851852
2932794570,0.338983051,0.338983051,0.322033898
1647486362,0.387066542,0.320524836,0.292408622
5119844827,0.368715084,0.279329609,0.351955307
5539094363,0.342598578,0.361344538,0.296056884
2610907543,0.381074169,0.286445013,0.332480818
2754993620,0.142857143,0,0.857142857
1221171697,0.348503285,0.337551716,0.313944999
2730549204,0.329004329,0.428571429,0.242424242
3986147355,0.334710744,0.334710744,0.330578512
3505953803,0.388831792,0.324426173,0.286742035
1974576991,0.329789001,0.385612228,0.284598771
2001837305,0.346153846,0.326923077,0.326923077
1895431523,0.348439376,0.361944778,0.289615846
1663072851,0.344827586,0.37164751,0.283524904
6361013202,0.463414634,0.297560976,0.23902439
1459272740,0.37408313,0.327628362,0.298288509
6805532762,0.266666667,0.266666667,0.466666667
1715548991,0.362903226,0.368951613,0.268145161
6056544740,0.163265306,0.673469388,0.163265306
3160450123,0.433333333,0.3,0.266666667
2489313225,0.342328208,0.36774396,0.289927832
2056394313,0.35704698,0.202684564,0.440268456
5616918694,0.366851852,0.346851852,0.286296296
5333693607,0.432091522,0.286300968,0.28160751
5869855957,0.375665947,0.316198704,0.308135349
2661298601,0.205128205,0.256410256,0.538461538
2632236847,0.353767056,0.369586711,0.276646233
2294009067,0.333333333,0.166666667,0.5
5817121254,0.304347826,0.217391304,0.47826087
5033195293,0.440884821,0.323417239,0.235697941
7292924267,0.383333333,0.3,0.316666667
3898569622,0.15,0.15,0.7
2286908003,0.335014712,0.354350567,0.31063472
5037413537,0.333333333,0.333333333,0.333333333
1112928761,0.487462387,0.301237044,0.211300568
1803554510,0.360534125,0.347551929,0.291913947
2803301701,0.341765988,0.374321755,0.283912257
1499104401,0.333735424,0.368315239,0.297949337
7023336379,0.315068493,0.171232877,0.51369863
5172829747,0.356565657,0.387878788,0.255555556
1250636273,0.406628941,0.337105901,0.256265158
1746575865,0.153424658,0.201826484,0.644748858
2772800360,0.359259259,0.32962963,0.311111111
6820141304,0.318637275,0.366733467,0.314629259
6887768216,0,0,0
7281473317,0.383029342,0.386994449,0.229976209
1769684987,0.325,0.5,0.175
5564927603,0.412758867,0.324922637,0.262318496
2330652567,0.402597403,0.181818182,0.415584416
2150758415,0.454592099,0.299897383,0.245510518
1489482040,0.346130774,0.325434913,0.328434313
2230197903,0.428571429,0.214285714,0.357142857
1685702730,0.459558824,0.330882353,0.209558824
1940950257,0.360465116,0.337209302,0.302325581
5393135816,0.38056177,0.303256276,0.316181954
3937348351,0.328091157,0.380073453,0.291835389
2473690064,0,0,0
5347537335,0.442748092,0.282442748,0.27480916
6062446059,0.333333333,0.333333333,0.333333333
2173738960,0.380952381,0.299319728,0.319727891
1623886424,0.434198747,0.413607878,0.152193375
1239804802,0.25,0.34375,0.40625
5883600795,0.353221957,0.372315036,0.274463007
6292645006,0.444444444,0.388888889,0.166666667
2375086267,0.315068493,0.397260274,0.287671233
2656274875,0.332690054,0.442552898,0.224757047
1766610544,0.142857143,0.19047619,0.666666667
2053061043,0.396946565,0.254452926,0.348600509
1791283533,0.342281879,0.348993289,0.308724832
1400887105,0.335365854,0.347560976,0.317073171
1874361623,0.388143177,0.336689038,0.275167785
5617030362,0.384163361,0.345820479,0.27001616
1401296264,0.43174106,0.297833464,0.270425476
6992157759,0.392405063,0.319534725,0.288060212
6441514919,0,0,0
5720474518,0,1,0
6479869715,0.375,0.40625,0.21875
3678831590,0.425465839,0.291925466,0.282608696
1800523234,0.454146074,0.343218012,0.202635914
1623404035,0.342261905,0.342261905,0.31547619
1855152373,0.428571429,0.428571429,0.142857143
2014548525,0.35310219,0.323905109,0.322992701
1926352623,0.323353293,0.401197605,0.275449102
7277520469,0.380901288,0.360515021,0.258583691
6642254306,0.355769231,0.259615385,0.384615385
1362524782,0.386363636,0.295454545,0.318181818
5328345103,0.34351145,0.377862595,0.278625954
1861477054,0.391871921,0.321182266,0.286945813
1250793277,0,0,0
2286266347,0.15,0.15,0.7
1908275435,0.15,0.15,0.7
1406892441,0.356321839,0.436781609,0.206896552
1263977197,0.364402578,0.272682201,0.362915221
6724013335,0.34961335,0.408221408,0.242165242
6593450903,0,0,0
5044717223,0.130434783,0.173913043,0.695652174
1048733260,0.315789474,0.368421053,0.315789474
1772602627,0.289256198,0.454545455,0.256198347
1686546714,0.336759667,0.377998042,0.285242291
1823014021,0.307692308,0.307692308,0.384615385
1348413742,0.394557823,0.292517007,0.31292517
2699757790,0.444444444,0.277777778,0.277777778
3609271360,1,0,0
3871173792,0.333333333,0.333333333,0.333333333
5704119647,0.385826772,0.362204724,0.251968504
2103981667,0.426316912,0.315419066,0.258264022
7293585974,0.408602151,0.322580645,0.268817204
2622387801,0.363957597,0.328621908,0.307420495
2960763941,0.373053892,0.361676647,0.265269461
1632155184,0.396907216,0.326804124,0.27628866
6088446147,0.384615385,0.307692308,0.307692308
5643224579,0.164658635,0.759036145,0.076305221
6512172761,0.285714286,0.142857143,0.571428571
6060307497,0.254204893,0.494266055,0.251529052
3506400592,0.391447368,0.588815789,0.019736842
5999251130,0.355651915,0.362283722,0.282064363
5095969355,1,0,0
5819751395,0.333333333,0.416666667,0.25
6522566955,0.351101846,0.35318642,0.295711733
1773206563,0.388781431,0.319148936,0.292069632
5658712656,0,0,0
5603237555,0.291666667,0.333333333,0.375
1777051772,0.566871166,0.247239264,0.185889571
2473675252,0.332538737,0.328963051,0.338498212
1977407911,0.425531915,0.319148936,0.255319149
3858832626,0.371308017,0.345991561,0.282700422
1784473157,0.355268022,0.374861368,0.26987061
1865616660,0.420719581,0.343337552,0.235942867
5314476953,0.414893617,0.276595745,0.308510638
1784264335,0.369230769,0.307692308,0.323076923
7149633605,0.336580087,0.352813853,0.310606061
1642591402,0.303703704,0.511111111,0.185185185
5174551863,0.490384615,0.278846154,0.230769231
6934229297,0.407796102,0.307346327,0.284857571
1989638280,0.315789474,0.368421053,0.315789474
2358578625,0.183006536,0.185185185,0.631808279
3225904690,0.396270396,0.341491841,0.262237762
3298202727,0.34,0.33,0.33
1103661227,0.15,0.15,0.7
5692553334,0.445870352,0.318196775,0.235932873
3462772012,0.378378378,0.297297297,0.324324324
2044263792,0.3056,0.424,0.2704
1709157165,0.333333333,0.333333333,0.333333333
3988392630,0.176470588,0.176470588,0.647058824
6323309209,0.285714286,0.428571429,0.285714286
3138941747,0.395582329,0.325301205,0.279116466
1847116872,0.371212121,0.318181818,0.310606061
6077586549,0.333333333,0.333333333,0.333333333
3488787807,0.370033113,0.333195364,0.296771523
1978895060,0.362606232,0.33427762,0.303116147
3811061654,0.26369863,0.489726027,0.246575342
1670032377,0.274509804,0.411764706,0.31372549
1295048517,0.301538462,0.4,0.298461538
3180154335,0.385714286,0.338095238,0.276190476
1779990993,0.418674699,0.361445783,0.219879518
1266938852,0.285714286,0.2,0.514285714
5893797283,0.040816327,0.93877551,0.020408163
6444840645,0.332777887,0.340423446,0.326798667
1280795897,0.350364964,0.335766423,0.313868613
2139882755,0.4,0.2,0.4
2549228714,0.3125,0.5,0.1875
1789728231,0.666666667,0.222222222,0.111111111
6492195720,0.332524272,0.347087379,0.32038835
1842669274,0.277777778,0.444444444,0.277777778
6714400842,0.333333333,0.4,0.266666667
3922690673,0.5,0.5,0
5227820733,0.384700055,0.326912493,0.288387452
6389419854,0.377043226,0.328732292,0.294224482
5284449501,0,0,0
5820188838,0.339476346,0.360602315,0.299921339
1247329820,0.384615385,0.230769231,0.384615385
1902724153,0.34375,0.5,0.15625
2268478495,0.485037817,0.326208484,0.188753699
1708189791,0.34375,0.34375,0.3125
1266161694,0,0.032258065,0.967741935
5032546205,0,0.666666667,0.333333333
1922352955,0.323741007,0.35971223,0.316546763
3169457454,0.296875,0.28125,0.421875
3471850792,0.351455562,0.341623289,0.306921149
6011391162,0.398656215,0.322508399,0.278835386
5104289648,0.355932203,0.355932203,0.288135593
1347322121,0.356685177,0.327637762,0.315677061
3259689795,0.384615385,0.307692308,0.307692308
1880793381,1,0,0
5076553587,0.222222222,0.222222222,0.555555556
7304180496,0.392857143,0.392857143,0.214285714
5964184998,0.35412844,0.355963303,0.289908257
2138112497,0.952380952,0.047619048,0
5644574958,0.15,0.15,0.7
5043108518,0.325806452,0.396774194,0.277419355
1149956613,0.385542169,0.341365462,0.273092369
3193839180,0.229965157,0.212543554,0.557491289
1308889783,0.5,0.25,0.25
3443401064,0.15,0.15,0.7
2930058992,0,0,0
5733469659,0.176470588,0.176470588,0.647058824
3960800967,0.2,0.2,0.6
3186773504,0.15,0.15,0.7
2480172345,0.395368073,0.339950372,0.264681555
6221932120,0.337328767,0.352739726,0.309931507
5156982578,0.4,0.4,0.2
2072642657,0,0.333333333,0.666666667
2759405265,0.2,0.6,0.2
2248834985,0.368942468,0.31785629,0.313201241
2185658800,0.226415094,0.547169811,0.226415094
5115198714,0.492857143,0.304545455,0.202597403
2639278851,0.421383648,0.309433962,0.26918239
6011393736,0.472222222,0.444444444,0.083333333
6558831969,0.34,0.32,0.34
5586933121,0.367164179,0.358735733,0.274100088
1823533944,0.333333333,0.333333333,0.333333333
5605612596,0.5,0.25,0.25
1802348650,0.2,0.2,0.6
2178610094,0.404255319,0.319148936,0.276595745
5381869402,0.333333333,0.333333333,0.333333333
1628778725,0.428571429,0.142857143,0.428571429
6257080298,0.359477124,0.392156863,0.248366013
3197077575,0.317220544,0.35347432,0.329305136
1635806445,0.3359375,0.3203125,0.34375
1663612603,0.348600509,0.381679389,0.269720102
2001851851,0.379807692,0.341346154,0.278846154
6753167234,0.429313329,0.28880554,0.281881131
2637695114,0.133333333,0.133333333,0.733333333
1676368781,0.336734694,0.326530612,0.336734694
6964184516,0.359550562,0.314606742,0.325842697
2944306795,0.357142857,0.142857143,0.5
1764261370,0.368421053,0.263157895,0.368421053
1590753120,0.380597015,0.339552239,0.279850746
1216431741,0.302083333,0.395833333,0.302083333
1726918143,0.365358593,0.357239513,0.277401894
5612278337,0.381818182,0.490909091,0.127272727
7070036715,0.181818182,0.181818182,0.636363636
2462562827,0.333333333,0.333333333,0.333333333
1618051664,0.319876733,0.377195686,0.302927581
5581082162,0.373001776,0.330373002,0.296625222
2683611852,0.401315789,0.328947368,0.269736842
5067914848,0.396226415,0.361393324,0.242380261
6149234239,0,0,0
2876044937,0.15,0.15,0.7
2161876737,0.335911602,0.340331492,0.323756906
1720459274,0.185393258,0.185393258,0.629213483
1882716230,0.322368421,0.483552632,0.194078947
2657845211,0.571428571,0.142857143,0.285714286
1893892941,0.333333333,0.376344086,0.290322581
1639064093,0,1,0
6393904893,0.324909747,0.36101083,0.314079422
6345028642,0.347402597,0.337662338,0.314935065
5142243223,0.4125,0.371875,0.215625
1659893422,0.475067385,0.273135669,0.251796945
5575992865,0.893129771,0.019083969,0.08778626
6152218594,0.781512605,0.168067227,0.050420168
2034868214,0.352517986,0.352517986,0.294964029
1832961217,0.390769231,0.332307692,0.276923077
6591877052,0.421052632,0.305263158,0.273684211
1376628072,0.333333333,0.291666667,0.375
2143550005,0.436363636,0.418181818,0.145454545
1504328683,0.34751773,0.328605201,0.323877069
2746348614,0.340909091,0.431818182,0.227272727
1939582460,0.41509434,0.339622642,0.245283019
6879891259,0.432432432,0.305019305,0.262548263
1887344341,0.333452084,0.372283577,0.294264339
1954593817,0.372340426,0.329787234,0.29787234
3752850684,0.376064477,0.328163017,0.295772506
1728148193,0.329608939,0.458100559,0.212290503
1763956344,0.325874695,0.352725793,0.321399512
1405759702,0.381284916,0.312849162,0.305865922
1198220993,0.323843416,0.348754448,0.327402135
1453372141,0.339233038,0.421533923,0.239233038
2703292393,1,0,0
6335349752,0.411016949,0.288135593,0.300847458
5249306689,0.359116022,0.371270718,0.26961326
2535854165,0,0,0
2703419987,0.309489051,0.290510949,0.4
1763094262,0.1,0.1,0.8
1596987345,0.401234568,0.290123457,0.308641975
1913094142,0.327044025,0.377358491,0.295597484
1899003497,0.307692308,0.307692308,0.384615385
6504121225,0.289473684,0.447368421,0.263157895
1393034157,0.396946565,0.305343511,0.297709924
7263146057,0.333333333,0.333333333,0.333333333
6297145134,0.345991561,0.358649789,0.29535865
3358652872,0.45,0.2875,0.2625
6910034895,0,1,0
1795333905,0.30877193,0.30877193,0.38245614
2198692254,0.348837209,0.395348837,0.255813953
6593264073,0.345686161,0.325998842,0.328314997
5403964641,0.345238095,0.30952381,0.345238095
2739205561,0.4,0.3,0.3
3029596947,0.344827586,0.344827586,0.310344828
3684127420,0.504854369,0.262135922,0.233009709
2519357914,0.222222222,0.320987654,0.456790123
5607257930,0,0,0
7229598431,0.2,0.2,0.6
7308811409,0.56122449,0.204081633,0.234693878
2178514797,0.371428571,0.457142857,0.171428571
2665177402,0.347826087,0.35326087,0.298913043
2461508674,0.38540146,0.300729927,0.313868613
2337348632,0.307086614,0.401574803,0.291338583
1411732297,0.333333333,0.333333333,0.333333333
3819829043,0.256410256,0.205128205,0.538461538
1803310643,0.372093023,0.406976744,0.220930233
3834565010,0,0,0
2000961721,0.340136054,0.408163265,0.25170068
2396684287,0.353191489,0.338297872,0.308510638
2543810800,0.427835052,0.288659794,0.283505155
5077409534,0.398238294,0.337505795,0.264255911
5034901460,0.391025641,0.371794872,0.237179487
2634947861,0.333333333,0.611111111,0.055555556
1497219437,0.368421053,0.355263158,0.276315789
1648492863,0.363076923,0.332307692,0.304615385
5846723204,0.4,0.333333333,0.266666667
2686702781,0.278688525,0.295081967,0.426229508
1762972937,0.365853659,0.219512195,0.414634146
1959137931,0.379084967,0.328976035,0.291938998
1565602564,0.428571429,0.321428571,0.25
2474959734,0.360995851,0.392116183,0.246887967
2197546765,0.35216285,0.332315522,0.315521628
2512591982,0.367346939,0.418367347,0.214285714
1905843503,0.083333333,0.833333333,0.083333333
5229752744,0.427107592,0.303213787,0.269678621
2783887615,0.424242424,0.333333333,0.242424242
2388199744,0.344827586,0.362068966,0.293103448
1842606855,0.335227273,0.329545455,0.335227273
1847443111,0.380952381,0.30952381,0.30952381
7303305063,0.285714286,0.214285714,0.5
2810520221,0.25,0.416666667,0.333333333
2037897050,0.374717833,0.331828442,0.293453725
3956698278,0.466666667,0.266666667,0.266666667
6779570629,0.25,0.5,0.25
1433797987,0.389728097,0.35347432,0.256797583
1300145304,0.4,0.266666667,0.333333333
1279693157,0.351145038,0.351145038,0.297709924
6920941945,0.40625,0.296875,0.296875
2635695961,0.358366271,0.391304348,0.250329381
5480171400,1,0,0
2178873290,0.321678322,0.335664336,0.342657343
1356658417,0.379450661,0.319430315,0.301119023
1398835600,0.408056042,0.335668418,0.25627554
5540811638,0.323529412,0.485294118,0.191176471
1443266094,0.442857143,0.242857143,0.314285714
6124642021,0.336477987,0.380503145,0.283018868
5559135126,0.372212693,0.320754717,0.30703259
1595103002,0.348058902,0.360107095,0.291834003
1876131803,0.340659341,0.351648352,0.307692308
6177021066,0.25,0.5,0.25
2534789362,0.047619048,0.047619048,0.904761905
1050227520,0.384615385,0.307692308,0.307692308
6382367593,0.397415186,0.273828756,0.328756058
1857345450,0.347826087,0.331045004,0.321128909
5190534823,0.446584939,0.307063631,0.24635143
2608966995,0.337349398,0.337349398,0.325301205
6608447499,0.396226415,0.264150943,0.339622642
1619925757,0.3375,0.34375,0.31875
6353234443,0.315789474,0.184210526,0.5
2955182023,0.5,0.25,0.25
1180316095,0.333333333,0.333333333,0.333333333
3912574689,0.258064516,0.161290323,0.580645161
1760189314,0.334825225,0.333169225,0.33200555
1296492494,0.384615385,0.307692308,0.307692308
1855790127,0.409090909,0.363636364,0.227272727
3241571192,0.32885906,0.55704698,0.11409396
5974002628,0.25,0.5,0.25
6370024951,0.333333333,0.37254902,0.294117647
2283870420,0.548424737,0.225204201,0.226371062
7304706297,0.34,0.34,0.32
1896084573,0.397849462,0.344086022,0.258064516
3873096802,0.447257384,0.320675105,0.232067511
2426475331,0.333333333,0.333333333,0.333333333
2342335853,0.375,0.325,0.3
2750220507,0.5,0.5,0
1458309703,0.307692308,0.230769231,0.461538462
3694863325,0.488372093,0.302325581,0.209302326
1713409753,0.355040701,0.348152786,0.296806512
1699910237,0.434332989,0.283350569,0.282316443
2293510981,0.361290323,0.303225806,0.335483871
2331585822,0.35,0.344444444,0.305555556
5611402655,0.285714286,0.333333333,0.380952381
6443509276,0.329268293,0.329268293,0.341463415
1249424622,0.388686869,0.305454545,0.305858586
2599735413,0.374125874,0.332167832,0.293706294
1415663537,0.5,0.25,0.25
1280781641,0.1,0.3,0.6
6736100240,0.333333333,0.320512821,0.346153846
5678381304,1,0,0
7300783873,0.347964884,0.39584996,0.256185156
1739399122,0.36,0.32,0.32
1663735900,0.510638298,0.382978723,0.106382979
6011652040,0.361111111,0.319444444,0.319444444
2712601544,0.342580214,0.357286096,0.30013369
1233624795,0.332191781,0.345890411,0.321917808
7301873867,0.380952381,0.322344322,0.296703297
1794491910,0.422070535,0.304891923,0.273037543
1703371307,0.348130841,0.369158879,0.28271028
7308414406,0.25,0.5,0.25
6240358856,0.394736842,0.368421053,0.236842105
3721500225,0.405940594,0.295615276,0.29844413
2033126843,0.24,0.373333333,0.386666667
1084093810,0.355140187,0.31152648,0.333333333
2147514324,0.333333333,0.333333333,0.333333333
1261788454,0.382094325,0.51558753,0.102318145
2464323931,0.322038567,0.38953168,0.288429752
6679296504,0.333333333,0.333333333,0.333333333
1969099527,0.181818182,0.181818182,0.636363636
3974639937,0.367920792,0.33980198,0.292277228
2256839033,0.333333333,0.333333333,0.333333333
2552074982,0.352112676,0.323943662,0.323943662
1772522837,0.272727273,0.272727273,0.454545455
1191965271,0,1,0
2644042140,0.434782609,0.275362319,0.289855072
7291169635,0.475587703,0.265822785,0.258589512
1085304765,0.428571429,0.214285714,0.357142857
1998988241,0.384615385,0.307692308,0.307692308
7209505250,0.333333333,0.333333333,0.333333333
2743109143,0.454545455,0.181818182,0.363636364
5476477921,0.353593136,0.351805506,0.294601359
5488567440,0.426829268,0.304878049,0.268292683
1643971635,0.317460317,0.349206349,0.333333333
5282583849,0.355239787,0.394316163,0.25044405
6359196337,0.15,0.15,0.7
1433814314,0.418181818,0.284848485,0.296969697
3047590495,0.272727273,0.272727273,0.454545455
7307409225,0.429003021,0.304128902,0.266868077
2492819095,0.374745418,0.33503055,0.290224033
2063557851,0.454545455,0.454545455,0.090909091
5943862253,0,0,1
3187525994,0.384615385,0.299734748,0.315649867
3641513235,0.333333333,0.416666667,0.25
2459924257,0.333333333,0.333333333,0.333333333
3193510937,0.272727273,0.454545455,0.272727273
6524001659,0.285714286,0.285714286,0.428571429
2141823055,0,0,1
1061213001,0.513513514,0.243243243,0.243243243
1629426635,0.333333333,0.333333333,0.333333333
5562354545,0.399280576,0.305755396,0.294964029
1752212644,0.232142857,0.160714286,0.607142857
2039250863,0.399109792,0.322700297,0.278189911
6348826452,0.346153846,0.326923077,0.326923077
1921538071,0.3,0.3,0.4
3775056661,0.368530021,0.33126294,0.300207039
1769869792,0.314285714,0.285714286,0.4
1752549400,0.322638146,0.374331551,0.303030303
2372028335,0.076923077,0.923076923,0
2632502195,0.384174312,0.330275229,0.285550459
7184947849,0.375,0.3125,0.3125
6720489566,0.333333333,0.337634409,0.329032258
7300608097,0.282786885,0.430327869,0.286885246
6210064670,0.477297896,0.30786268,0.214839424
1743293843,0.379746835,0.367088608,0.253164557
2643477111,0.351694915,0.360169492,0.288135593
2865899002,0.15,0.15,0.7
1652484947,0.368421053,0.374613003,0.256965944
2032139271,0.374100719,0.334532374,0.291366906
1280148522,0.5,0.25,0.25
3783157493,0.347368421,0.326315789,0.326315789
5558990115,0.318304779,0.380522994,0.301172227
2739518953,0.2,0.2,0.6
6905187722,0.314285714,0.314285714,0.371428571
2808337131,0.334343434,0.333333333,0.332323232
1430953552,0.25,0.25,0.5
6189120710,0.323671498,0.38647343,0.289855072
5680957081,0.339622642,0.660377358,0
6718484069,0.45700309,0.27523172,0.267765191
1712595650,0.364749082,0.334149327,0.301101591
3166118150,0.334355828,0.352760736,0.312883436
7258772579,0.416666667,0.25,0.333333333
6249001179,0.333333333,0.6,0.066666667
1241011790,0,0,1
2571286965,0.408805031,0.352201258,0.238993711
5531563189,1,0,0
2169306777,0.345864662,0.353383459,0.30075188
1576603177,0.35483871,0.467741935,0.177419355
1167451252,0.407407407,0.296296296,0.296296296
7292471063,0.327935223,0.372469636,0.299595142
1401659004,0.322580645,0.322580645,0.35483871
1496883514,0.334116068,0.335122442,0.330761489
1861841970,0,0,1
1142648704,0.376175549,0.344827586,0.278996865
2159863893,0.363636364,0.318181818,0.318181818
3497583125,0.446428571,0.267857143,0.285714286
5398022921,0,0,1
1989534434,0.365853659,0.317073171,0.317073171
3842880555,0.34351145,0.328244275,0.328244275
5881966870,0.895027624,0.082872928,0.022099448
2792662770,0.401960784,0.362745098,0.235294118
5910573291,0.425,0.3,0.275
6340026081,0.371198389,0.342195368,0.286606244
1663937380,0.337931034,0.344827586,0.317241379
5425945668,0.268041237,0.278350515,0.453608247
1722473683,0.277777778,0.25,0.472222222
2100720873,0.373340708,0.342367257,0.284292035
2410195053,0.355555556,0.288888889,0.355555556
6425294646,0.343283582,0.253731343,0.402985075
1700648435,0.332195677,0.419795222,0.248009101
1933403482,0.272727273,0.181818182,0.545454545
1638782947,0.3125,0.39453125,0.29296875
2820792015,0.267281106,0.248847926,0.483870968
7300204226,0.375,0.3125,0.3125
2317078015,0.344444444,0.166666667,0.488888889
1376420267,0.361809045,0.336683417,0.301507538
5938890241,0.331183786,0.349147858,0.319668356
3172300192,0.388185654,0.345991561,0.265822785
2368251261,0.285714286,0.285714286,0.428571429
5155005475,0.45,0.458333333,0.091666667
5331477129,0.398709677,0.312903226,0.288387097
7299273153,0.307692308,0.423076923,0.269230769
2614603084,0.7,0,0.3
3695856260,0.368421053,0.333333333,0.298245614
2769885021,0.326959847,0.353728489,0.319311663
1412992852,0.414893617,0.329787234,0.255319149
1877329162,0.52173913,0.217391304,0.260869565
7245167504,0.311111111,0.244444444,0.444444444
1688192603,0.25,0.534482759,0.215517241
3259972511,0.333333333,0.333333333,0.333333333
1654134123,0.345521024,0.334552102,0.319926874
2031268673,0.384615385,0.307692308,0.307692308
1926105170,0.3,0.1,0.6
1286037421,0.15,0.15,0.7
1700045897,0.4,0.310606061,0.289393939
6529088512,0.408163265,0.285714286,0.306122449
7306850249,0.413793103,0.287356322,0.298850575
1642286230,0,0,0
2531280061,0.413793103,0.275862069,0.310344828
3279710155,0.463414634,0.276422764,0.260162602
2079751412,0.309341501,0.43338438,0.257274119
7295074454,0.452380952,0.285714286,0.261904762
2553695304,0.343625498,0.376494024,0.279880478
7283364547,0.3598234,0.350257542,0.289919058
1958668087,0.435643564,0.247524752,0.316831683
2624755655,0.373737374,0.326599327,0.2996633
2473839001,0.291666667,0.125,0.583333333
2818245775,0.333333333,0.166666667,0.5
3260775230,0.402985075,0.298507463,0.298507463
6303992195,0.375,0.1875,0.4375
5230132970,0.304469274,0.38896648,0.306564246
5628261787,0.466666667,0.266666667,0.266666667
1280463227,0.369127517,0.342281879,0.288590604
6038207522,0.111111111,0.055555556,0.833333333
1828113247,0.361702128,0.340425532,0.29787234
2985052662,0.508522727,0.265625,0.225852273
5504981954,0.348484848,0.338383838,0.313131313
6063405614,0.317757009,0.392523364,0.289719626
3181342171,0.290697674,0.406976744,0.302325581
1647688972,0.428571429,0.285714286,0.285714286
1014917495,0.360526316,0.431578947,0.207894737
2851948151,0.333333333,0.333333333,0.333333333
1833534480,0.428571429,0.285714286,0.285714286
6360932106,0.285714286,0.285714286,0.428571429
6498402983,0.392857143,0.25,0.357142857
1667517061,0.344827586,0.310344828,0.344827586
3874268626,0.254901961,0.254901961,0.490196078
1249819153,0.166666667,0.666666667,0.166666667
2822577020,0,0,0
5897927369,0.34375,0.34375,0.3125
1747150823,0.315270936,0.334975369,0.349753695
2261322181,0,1,0
1713234960,0.284444444,0.364444444,0.351111111
6344526615,0.413793103,0.310344828,0.275862069
1405527204,0.395833333,0.3125,0.291666667
2596119483,0.35106383,0.329787234,0.319148936
1095240537,0.435897436,0.256410256,0.307692308
5663416933,0.378378378,0.331081081,0.290540541
6524186068,0.380841121,0.320093458,0.299065421
2628193907,0.416666667,0.472222222,0.111111111
1365426941,0.307086614,0.25984252,0.433070866
5748897984,0.37254902,0.352941176,0.274509804
1955362095,0.176470588,0.529411765,0.294117647
5107015507,0.4,0.285714286,0.314285714
2901259065,0.257142857,0.257142857,0.485714286
1672097180,0.454545455,0.242424242,0.303030303
1831727905,0.29787234,0.446808511,0.255319149
1407295172,0.388571429,0.314285714,0.297142857
2602072484,0.393258427,0.303995006,0.302746567
1686199162,0.288888889,0.422222222,0.288888889
1843633441,0.396341463,0.402439024,0.201219512
6524418589,0.333333333,0.383647799,0.283018868
1805982651,0,1,0
2288605390,0.308933002,0.382133995,0.308933002
1221655127,0.333333333,0.238095238,0.428571429
1724164455,0.3,0.4,0.3
1429677813,0.418604651,0.255813953,0.325581395
1932395815,0.369863014,0.356164384,0.273972603
1912906431,0.380530973,0.353982301,0.265486726
6790696131,0.333333333,0.333333333,0.333333333
1407365952,0.325,0.325,0.35
1773151432,0.333333333,0.25,0.416666667
2380735370,0.291139241,0.417721519,0.291139241
1800644433,0.353658537,0.31097561,0.335365854
3488642370,0.481481481,0.296296296,0.222222222
2641732055,0.489208633,0.287769784,0.223021583
1404429281,0.555555556,0.222222222,0.222222222
6329750004,0.285714286,0.142857143,0.571428571
2192606857,0,0,0
1045678793,0.301369863,0.397260274,0.301369863
5601629229,0.328947368,0.398026316,0.273026316
7304955612,0.447761194,0.339552239,0.212686567
3468571322,0.344370861,0.344370861,0.311258278
6470919752,0,0,0
3922585981,0.371237458,0.316610925,0.312151616
6037385256,0.466666667,0.266666667,0.266666667
2136367523,0.464285714,0.285714286,0.25
1737870711,0.275,0.45,0.275
2609660273,0.333333333,0.357142857,0.30952381
6228689857,0.428571429,0.298701299,0.272727273
1790942835,0.468468468,0.468468468,0.063063063
5182226143,0.352059925,0.344569288,0.303370787
5869741243,0.294372294,0.441558442,0.264069264
3835116102,0.386503067,0.331288344,0.282208589
1685920342,0.372864322,0.334673367,0.292462312
5955536043,0.333333333,0.333333333,0.333333333
6409241151,0.377862595,0.328244275,0.29389313
1630300414,0.343023256,0.32751938,0.329457364
2562264025,0.411764706,0.294117647,0.294117647
1417973900,0.272727273,0.181818182,0.545454545
1191867367,0.363636364,0.345454545,0.290909091
5507836092,0.329446064,0.353741497,0.316812439
5775778499,0.5,0.294117647,0.205882353
3273453625,0.416666667,0.333333333,0.25
1917175010,0.410714286,0.214285714,0.375
1251078445,0.435028249,0.316384181,0.248587571
5730728776,0.166666667,0.833333333,0
2709946295,0.15,0.15,0.7
1797447824,0.347107438,0.338842975,0.314049587
1989660417,0.363603276,0.380527753,0.255868972
6039040588,0.43315508,0.315508021,0.251336898
6515651691,0.37037037,0.296296296,0.333333333
6179276752,0.476190476,0.476190476,0.047619048
7010131150,0.354156419,0.365469749,0.280373832
2725156357,0.446428571,0.357142857,0.196428571
5070756530,0.371428571,0.314285714,0.314285714
2552011801,0.366666667,0.466666667,0.166666667
5899851726,0.357142857,0.285714286,0.357142857
6083441735,0.173913043,0.304347826,0.52173913
2028810631,0.337209302,0.391472868,0.271317829
3106192441,0.333333333,0.166666667,0.5
6457366995,0.242424242,0.515151515,0.242424242
6358612910,0.333333333,0.333333333,0.333333333
2920316477,0.414634146,0.292682927,0.292682927
6158838494,0.306666667,0.333333333,0.36
3788044935,0,0,1
3347018512,0.15,0.15,0.7
7003374271,0.25,0.25,0.5
5975148757,0.339130435,0.313043478,0.347826087
5548643993,0,1,0
1647433637,0.28125,0.46875,0.25
2164864917,0.341530055,0.292349727,0.366120219
5782114188,0.310344828,0.344827586,0.344827586
3502638475,0.404761905,0.285714286,0.30952381
2125646901,0.514285714,0.257142857,0.228571429
6079887320,0.3,0.416666667,0.283333333
7276356540,0.510673235,0.254515599,0.234811166
6733313882,0.39869281,0.299201162,0.302106028
2450743314,0.31884058,0.31884058,0.362318841
5898191352,0.333333333,0.2,0.466666667
3189757602,0.428571429,0.285714286,0.285714286
2419830927,0.447368421,0.447368421,0.105263158
5299323290,0.333333333,0.166666667,0.5
2573598147,0,0,0
1968721147,0.2,0.266666667,0.533333333
1670108074,0.333333333,0.333333333,0.333333333
2198935377,0.362745098,0.392156863,0.245098039
7079618544,0.333333333,0.333333333,0.333333333
5705221157,0.391891892,0.337837838,0.27027027
1285655147,0.474576271,0.288135593,0.237288136
6054450374,0.353826851,0.370138018,0.276035132
1913382117,0.32967033,0.379120879,0.291208791
1421067881,0.282926829,0.424390244,0.292682927
2427068774,0.3,0.3,0.4
3125859763,0.230769231,0.230769231,0.538461538
1824301624,0.393939394,0.272727273,0.333333333
6969972165,0.493506494,0.246753247,0.25974026
2489596935,0.395833333,0.366666667,0.2375
1219182541,0.339622642,0.330188679,0.330188679
2217120690,0.210526316,0.178947368,0.610526316
6369435262,0.285714286,0.285714286,0.428571429
5994840628,0.323529412,0.294117647,0.382352941
1980237443,0.307692308,0.230769231,0.461538462
2133781844,0.343065693,0.364963504,0.291970803
1402300455,0.424242424,0.303030303,0.272727273
1226256222,0.444444444,0.444444444,0.111111111
5237053116,0.33203125,0.40625,0.26171875
1733361551,0.37704918,0.401639344,0.221311475
2259107520,0.346534653,0.435643564,0.217821782
5568490146,0,0,0
2264713730,0.409836066,0.327868852,0.262295082
2040110461,0.222222222,0.333333333,0.444444444
5493934570,0.309691011,0.364466292,0.325842697
1103147195,0.397515528,0.329192547,0.273291925
3802197689,0.078125,0.078125,0.84375
2868217834,0.15,0.2,0.65
6120838966,0.357798165,0.339449541,0.302752294
3979044587,0.5,0.277777778,0.222222222
5974861386,0.37037037,0.328554361,0.301075269
1708922835,0.305810398,0.397553517,0.296636086
3804173419,0.389908257,0.403669725,0.206422018
7236300070,0.340425532,0.382978723,0.276595745
2138511615,0.32,0.24,0.44
1902348395,0.272727273,0.272727273,0.454545455
5321484705,0.5,0.266666667,0.233333333
2206724733,0.389221557,0.441117764,0.169660679
1750494253,0.433333333,0.4,0.166666667
1594052081,0.425795731,0.430653202,0.143551067
6685971661,0.666666667,0,0.333333333
6535803930,0,0,0
2632436451,0.487804878,0.43902439,0.073170732
5042958097,0.222222222,0.666666667,0.111111111
1882193740,0.549342105,0.236842105,0.213815789
1644114654,0.316749585,0.432835821,0.250414594
2135665424,0.516587678,0.293838863,0.18957346
6501805156,0.391752577,0.371134021,0.237113402
1743784885,0.166666667,0.152777778,0.680555556
2273244941,0.454545455,0.272727273,0.272727273
5861895965,0.368421053,0.338345865,0.293233083
6570832696,0,0,1
5610845808,0.479166667,0.291666667,0.229166667
1882711154,0.375,0.25,0.375
2308351693,0.314814815,0.333333333,0.351851852
2793921830,0.320754717,0.452830189,0.226415094
1644489953,0.356454721,0.360308285,0.283236994
5917804563,0.315789474,0.342105263,0.342105263
3811990435,0.385809313,0.333333333,0.280857354
2356494051,0.333333333,0.166666667,0.5
6003438023,0.333333333,0.333333333,0.333333333
1743779731,0.384057971,0.5,0.115942029
5934541885,0.373056995,0.321243523,0.305699482
5104880035,0.287037037,0.462962963,0.25
3416181054,0.444444444,0.333333333,0.222222222
1648195723,0.258064516,0.580645161,0.161290323
1918476724,0.375,0.25,0.375
6194555286,0,0.166666667,0.833333333
1497087080,0.338235294,0.357142857,0.304621849
6935485917,0.370786517,0.348314607,0.280898876
1724170577,0.354666667,0.338666667,0.306666667
5574715040,0.317073171,0.341463415,0.341463415
1649287405,0.409836066,0.295081967,0.295081967
1656679904,0.428571429,0.214285714,0.357142857
3977110878,0.26,0.24,0.5
2274713011,0,0,1
7001956160,0.25,0.5,0.25
7215065702,0.352439024,0.32804878,0.319512195
2034689841,0.285714286,0.428571429,0.285714286
1852439751,0.384030418,0.309885932,0.30608365
7195001932,0.427350427,0.239316239,0.333333333
3152305322,0.470588235,0.235294118,0.294117647
6540781232,0,0,0
7040470693,0.381042654,0.267298578,0.351658768
1931264631,0.403374233,0.29601227,0.300613497
5517771876,0.333333333,0.311111111,0.355555556
3881150636,0.333333333,0.277777778,0.388888889
1812175903,0.318181818,0.363636364,0.318181818
6989426798,0.333333333,0.166666667,0.5
5648980807,0.5,0.25,0.25
5587375495,0.230769231,0.153846154,0.615384615
2933199383,0.37654321,0.272839506,0.350617284
1045269490,0.269230769,0.230769231,0.5
1619104644,0.375,0.125,0.5
1887790981,0.333928571,0.363392857,0.302678571
2750082012,0.514018692,0.214953271,0.271028037
7304749928,0.322580645,0.35483871,0.322580645
1195190284,0.32,0.4,0.28
2688921731,0.307692308,0.384615385,0.307692308
1879749982,0.333333333,0.243589744,0.423076923
1682868903,0.32735426,0.3632287,0.30941704
6558735964,0.692307692,0.153846154,0.153846154
2470162967,0.043478261,0.043478261,0.913043478
3214806072,0.333333333,0.333333333,0.333333333
2114685590,0.327272727,0.345454545,0.327272727
1224921712,0.34,0.365,0.295
1203003525,0.392857143,0.285714286,0.321428571
1483330984,0.350993377,0.30794702,0.341059603
1841818105,0.4,0.316666667,0.283333333
5092881464,0.208333333,0.166666667,0.625
5160351840,1,0,0
2304305412,0.394736842,0.263157895,0.342105263
1858386852,0.333333333,0.333333333,0.333333333
6037559146,0.090909091,0,0.909090909
1562459747,0.296875,0.421875,0.28125
2303770613,0.333333333,0.333333333,0.333333333
1658610592,0.272727273,0.272727273,0.454545455
1740979351,0.470588235,0.282352941,0.247058824
7143789124,0.352941176,0.117647059,0.529411765
2961884483,0.350622407,0.319502075,0.329875519
2100708653,0.372745491,0.336673347,0.290581162
2293088093,0.318181818,0.363636364,0.318181818
2989003355,0.406374502,0.302788845,0.290836653
5204147275,0.15,0.15,0.7
1750439442,0.333333333,0.333333333,0.333333333
3286763950,0.15,0.15,0.7
7276787532,0.325077399,0.340557276,0.334365325
6997296984,0.31372549,0.196078431,0.490196078
1790816315,0.451977401,0.322033898,0.225988701
5517038311,0.444444444,0.277777778,0.277777778
2276722374,0.332650972,0.361310133,0.306038895
1992424454,0.448633365,0.293119698,0.258246937
6347223091,0.428571429,0.285714286,0.285714286
2597497630,0.363636364,0.32,0.316363636
5467852665,0.298165138,0.409785933,0.29204893
1613830137,0.34351145,0.335877863,0.320610687
5140368473,0.467532468,0.272727273,0.25974026
2296733407,0.363636364,0.272727273,0.363636364
3652432757,0.285714286,0.410714286,0.303571429
1367679907,0.379487179,0.323076923,0.297435897
5573088741,0.535714286,0.285714286,0.178571429
6094716896,0,0,1
2307228470,0.333333333,0.333333333,0.333333333
6444895981,0.343283582,0.328358209,0.328358209
5370547595,0.364864865,0.108108108,0.527027027
5121005277,0.385487528,0.367346939,0.247165533
2145181861,0.2,0.3,0.5
2005599621,0.2,0.2,0.6
3328216070,0.214285714,0.214285714,0.571428571
1400229064,0.262295082,0.393442623,0.344262295
6105733054,0.411764706,0.235294118,0.352941176
5074648251,0.357638889,0.357638889,0.284722222
3116322611,0.390879479,0.501628664,0.107491857
6004281123,0.393103448,0.393103448,0.213793103
5272221786,0.365591398,0.35483871,0.279569892
5490348463,0.394736842,0.307017544,0.298245614
1942884607,0.428571429,0.285714286,0.285714286
1793920387,0.394736842,0.5,0.105263158
6739665117,0,0,1
3798326511,0.473684211,0.263157895,0.263157895
3180159531,0.4375,0.28125,0.28125
3590037917,0.345454545,0.327272727,0.327272727
1666944534,0.298076923,0.211538462,0.490384615
5584696992,0.5,0.5,0
1245161127,0.324149806,0.377529057,0.298321136
5527039498,0.333333333,0.314814815,0.351851852
1094954164,0.278350515,0.412371134,0.309278351
1915096531,0.333333333,0.477272727,0.189393939
2241948204,0.362318841,0.43115942,0.206521739
5839996238,0.461538462,0.230769231,0.307692308
1694147683,0.35483871,0.258064516,0.387096774
1773763583,0,0,1
1711908680,0.304347826,0.293478261,0.402173913
3951710017,0.314393939,0.473484848,0.212121212
1644296264,0.3125,0.2875,0.4
2035895904,0.531690141,0.235915493,0.232394366
1407159552,0.269230769,0.192307692,0.538461538
2099843680,0.4,0,0.6
3939426052,0.333333333,0.390070922,0.276595745
1724081390,0.166666667,0,0.833333333
1638781994,0.348122867,0.469283276,0.182593857
6477703051,0.40625,0.34375,0.25
2120967380,0.887096774,0.088709677,0.024193548
1088725894,0.333333333,0.277777778,0.388888889
1266872942,0.35,0.3,0.35
1894036033,0.454545455,0.272727273,0.272727273
1882147360,0.364705882,0.317647059,0.317647059
5551109348,0.363636364,0.303030303,0.333333333
1672861522,0.50024667,0.256536754,0.243216576
5312883095,0.377358491,0.320754717,0.301886792
1916825084,0.333333333,0.25,0.416666667
2277114924,0.333333333,0.333333333,0.333333333
1867571077,0.302083333,0.395833333,0.302083333
5288553158,0.349090909,0.363636364,0.287272727
3861944293,0.382978723,0.29787234,0.319148936
5685358568,0.306451613,0.451612903,0.241935484
1894419564,0.307692308,0.307692308,0.384615385
6195382497,0.256410256,0.230769231,0.512820513
1735385997,0.514285714,0.285714286,0.2
1773215073,0.329787234,0.319148936,0.35106383
6459940156,0.635135135,0.162162162,0.202702703
1111681197,0.294736842,0.252631579,0.452631579
1253397461,0.222222222,0.194444444,0.583333333
6499569088,0.37037037,0.277777778,0.351851852
1397618027,0.333333333,0.222222222,0.444444444
1886340754,0.345177665,0.335025381,0.319796954
5303777305,0.302325581,0.302325581,0.395348837
5487821686,0.40625,0.364583333,0.229166667
3893410939,0.176470588,0.176470588,0.647058824
5634013749,0.367816092,0.367816092,0.264367816
1635270132,0.434482759,0.427586207,0.137931034
6004450211,0,0,0
6583395900,0,1,0
2827895800,0.366197183,0.267605634,0.366197183
5545236080,0.403225806,0.317204301,0.279569892
1646713121,0.359223301,0.339805825,0.300970874
1732418574,0.411764706,0.411764706,0.176470588
5623554323,0.597222222,0.375,0.027777778
1786889040,0.5,0.5,0
2388319321,0.313432836,0.343283582,0.343283582
6463427585,0.484848485,0.464646465,0.050505051
5147249225,0.382352941,0.323529412,0.294117647
5585577162,0.285714286,0.285714286,0.428571429
2630148915,0.428571429,0.285714286,0.285714286
3289121354,0.28,0.493333333,0.226666667
3905622849,0.333701657,0.332596685,0.333701657
2550053534,0.538461538,0.230769231,0.230769231
3627935132,0.362962963,0.325925926,0.311111111
5617251118,0.166666667,0.166666667,0.666666667
1651428902,0.356962025,0.379746835,0.263291139
2391280805,0.225,0.15,0.625
1883880250,0.411764706,0.31372549,0.274509804
6573279527,0.304347826,0.391304348,0.304347826
3934791977,0.353506244,0.329490874,0.317002882
2418201593,0.347014925,0.347014925,0.305970149
7182737383,0.409722222,0.309722222,0.280555556
1231624983,0.142857143,0.714285714,0.142857143
7025684938,0.333333333,0.333333333,0.333333333
6495544869,0.35483871,0.377880184,0.267281106
2331191784,0.3125,0.270833333,0.416666667
2787883674,0.333333333,0.333333333,0.333333333
5521523517,0.3125,0.375,0.3125
6487106821,0.25,0.5,0.25
6895530246,0.48,0.26,0.26
2479902905,0.360406091,0.350253807,0.289340102
6862527783,0.166666667,0.166666667,0.666666667
7188247797,0.375,0.356060606,0.268939394
1549768857,0.333333333,0.34375,0.322916667
3675736060,0.259259259,0.324074074,0.416666667
2133442851,0.381006865,0.321510297,0.297482838
1977084287,0.428571429,0.142857143,0.428571429
5578381471,0,0,1
1974561081,0.316770186,0.378881988,0.304347826
5832658977,0.4,0.2,0.4
3821861152,0.326923077,0.384615385,0.288461538
3140752367,0.334733894,0.351540616,0.31372549
1841888065,0.5,0.5,0
3282659472,0.392857143,0.312807882,0.294334975
1181382331,0.252948886,0.511140236,0.235910878
6689938720,0,0,0
5735550174,0.375,0.3125,0.3125
2498948744,0.347043702,0.324764353,0.328191945
1263406744,0.409090909,0.328282828,0.262626263
5608764543,0.380952381,0.285714286,0.333333333
3860019886,0.3,0.4,0.3
1780808275,0.395683453,0.334532374,0.269784173
5677121040,0.484615385,0.307692308,0.207692308
5149629477,0.176470588,0.176470588,0.647058824
2321615032,0.359649123,0.371345029,0.269005848
2857669253,0.235294118,0.235294118,0.529411765
2988472677,0.5,0.3,0.2
3232483772,0.388888889,0.388888889,0.222222222
1866296807,0.166666667,0.166666667,0.666666667
1017668561,0.297297297,0.324324324,0.378378378
1913579602,0.366666667,0.266666667,0.366666667
3175594150,0.359276018,0.361085973,0.279638009
